runfile('D:/Multimedia/Image edit/image_edit.py', wdir='D:/Multimedia/Image edit')
[[[248 255 248]
  [246 255 248]
  [245 255 248]
  ...
  [ 93  68  72]
  [ 93  68  72]
  [ 92  67  71]]

 [[246 255 248]
  [246 255 248]
  [246 255 248]
  ...
  [ 89  64  67]
  [ 86  61  65]
  [ 87  62  66]]

 [[246 255 248]
  [246 255 248]
  [246 255 248]
  ...
  [ 90  64  67]
  [ 88  64  64]
  [ 86  61  64]]

 ...

 [[208 171 144]
  [206 171 143]
  [206 171 143]
  ...
  [244 219 199]
  [244 219 199]
  [245 220 200]]

 [[205 174 145]
  [205 171 143]
  [204 169 141]
  ...
  [245 220 200]
  [245 220 200]
  [245 220 200]]

 [[203 176 146]
  [205 171 143]
  [206 169 142]
  ...
  [244 219 199]
  [245 220 200]
  [245 220 200]]]